1 :  []
2 :  []
11 :  [1, 2]
10 :  [1, 11, 2]
31 :  [1, 10]
22 :  [10, 2]
5 :  [1, 31, 10, 22, 2]
24 :  [5, 2]
15 :  [5, 24, 2]
26 :  [5, 15]
20 :  [5, 26, 15]
25 :  [20, 15]
39 :  [25, 15]
30 :  [25, 39, 15]
8 :  [5, 20, 25, 30, 15, 2]
6 :  [1, 5]
18 :  [8, 2]
23 :  [6, 5]
38 :  [18, 2]
16 :  [8, 18, 38, 2]
27 :  [23, 5]
35 :  [23, 27]
17 :  [16, 2]
21 :  [16, 17]
37 :  [21, 17]
4 :  [1, 6, 23, 35, 27, 5, 8, 16, 21, 37, 17, 2]
14 :  [1, 4]
33 :  [1, 14]
7 :  [1, 33, 14, 4]
12 :  [1, 7]
13 :  [1, 12]
29 :  [13, 12]
19 :  [7, 4]
9 :  [7, 19, 4]
36 :  [29, 12]
34 :  [7, 9]
32 :  [29, 36, 12]
28 :  [1, 13]
3 :  [1, 28, 13, 29, 32, 12, 7, 34, 9, 4, 2]
40 :  [1, 3, 2]
