1 = (0, 0)
2 = (18, 0)
11 = (12, 1)
10 = (12, 2)
31 = (11, 2)
22 = (12, 3)
5 = (11, 7)
24 = (14, 7)
15 = (14, 8)
26 = (12, 8)
20 = (12, 9)
25 = (12, 10)
39 = (13, 10)
30 = (12, 13)
8 = (11, 21)
6 = (8, 7)
18 = (12, 21)
23 = (9, 8)
38 = (12, 22)
16 = (11, 27)
27 = (10, 8)
35 = (9, 9)
17 = (12, 27)
21 = (11, 28)
37 = (11, 29)
4 = (8, 46)
14 = (6, 46)
33 = (5, 46)
7 = (5, 47)
12 = (4, 47)
13 = (2, 47)
29 = (2, 48)
19 = (6, 47)
9 = (6, 48)
36 = (3, 48)
34 = (5, 48)
32 = (2, 50)
28 = (1, 47)
3 = (1, 79)
40 = (0, 84)
