U(1) = [1]
U(2) = [2]
U(11) = [11]
U(10) = [10, 11]
U(31) = [31]
U(22) = [22]
U(5) = [5, 31, 10, 11, 22]
U(24) = [24]
U(15) = [15, 24]
U(26) = [26]
U(20) = [20, 26]
U(25) = [25]
U(39) = [39]
U(30) = [30, 39]
U(8) = [8, 20, 26, 25, 30, 39, 15, 24]
U(6) = [6]
U(18) = [18]
U(23) = [23]
U(38) = [38]
U(16) = [16, 18, 38]
U(27) = [27]
U(35) = [35]
U(17) = [17]
U(21) = [21]
U(37) = [37]
U(4) = [4, 6, 23, 35, 27, 5, 31, 10, 11, 22, 8, 20, 26, 25, 30, 39, 15, 24, 16, 18, 38, 21, 37, 17]
U(14) = [14]
U(33) = [33]
U(7) = [7, 33, 14]
U(12) = [12]
U(13) = [13]
U(29) = [29]
U(19) = [19]
U(9) = [9, 19]
U(36) = [36]
U(34) = [34]
U(32) = [32, 36]
U(28) = [28]
U(3) = [3, 28, 13, 29, 32, 36, 12, 7, 33, 14, 34, 9, 19, 4, 6, 23, 35, 27, 5, 31, 10, 11, 22, 8, 20, 26, 25, 30, 39, 15, 24, 16, 18, 38, 21, 37, 17]
U(40) = [40, 3, 28, 13, 29, 32, 36, 12, 7, 33, 14, 34, 9, 19, 4, 6, 23, 35, 27, 5, 31, 10, 11, 22, 8, 20, 26, 25, 30, 39, 15, 24, 16, 18, 38, 21, 37, 17]
